image: mymap.pgm
resolution: 0.050000
origin: [-12.935712, -7.289812, 0.000000]
negate: 0
occupied_thresh: 0.65
free_thresh: 0.196

